26,7 27,7 28,7 29,7 30,7 31,7 32,7 99,7 100,7 26,8
27,8 28,8 29,8 30,8 31,8 32,8 33,8 99,8 100,8 26,9
27,9 32,9 33,9 34,9 99,9 100,9 26,10 27,10 33,10 34,10
99,10 100,10 26,11 27,11 33,11 34,11 37,11 38,11 39,11 40,11
48,11 49,11 50,11 51,11 55,11 56,11 57,11 58,11 60,11 61,11
66,11 67,11 72,11 73,11 78,11 79,11 80,11 81,11 86,11 87,11
89,11 90,11 94,11 95,11 96,11 97,11 99,11 100,11 26,12 27,12
33,12 34,12 37,12 38,12 39,12 40,12 41,12 47,12 48,12 49,12
50,12 54,12 55,12 56,12 57,12 60,12 61,12 62,12 66,12 67,12
72,12 73,12 76,12 77,12 78,12 79,12 80,12 81,12 82,12 86,12
87,12 88,12 89,12 90,12 93,12 94,12 95,12 96,12 97,12 98,12
99,12 100,12 26,13 27,13 32,13 33,13 41,13 42,13 46,13 47,13
53,13 54,13 61,13 62,13 66,13 67,13 68,13 71,13 72,13 76,13
77,13 81,13 82,13 86,13 87,13 88,13 93,13 94,13 98,13 99,13
100,13 26,14 27,14 28,14 29,14 30,14 31,14 32,14 33,14 39,14
40,14 41,14 42,14 46,14 47,14 53,14 54,14 61,14 62,14 65,14
66,14 67,14 68,14 71,14 72,14 75,14 76,14 82,14 83,14 86,14
87,14 92,14 93,14 99,14 100,14 26,15 27,15 28,15 29,15 30,15
31,15 37,15 38,15 39,15 40,15 41,15 42,15 47,15 48,15 49,15
54,15 55,15 56,15 61,15 62,15 65,15 67,15 68,15 71,15 72,15
75,15 76,15 82,15 83,15 86,15 87,15 92,15 93,15 99,15 100,15
26,16 27,16 36,16 37,16 38,16 41,16 42,16 48,16 49,16 50,16
55,16 56,16 57,16 62,16 65,16 68,16 71,16 75,16 76,16 82,16
83,16 86,16 87,16 92,16 93,16 99,16 100,16 26,17 27,17 36,17
37,17 41,17 42,17 50,17 51,17 57,17 58,17 62,17 63,17 64,17
65,17 68,17 69,17 70,17 71,17 75,17 76,17 82,17 83,17 86,17
87,17 92,17 93,17 99,17 100,17 26,18 27,18 36,18 37,18 41,18
42,18 50,18 51,18 57,18 58,18 62,18 63,18 64,18 65,18 68,18
69,18 70,18 71,18 76,18 77,18 81,18 82,18 86,18 87,18 93,18
94,18 98,18 99,18 100,18 26,19 27,19 36,19 37,19 38,19 39,19
40,19 41,19 42,19 46,19 47,19 48,19 49,19 50,19 53,19 54,19
55,19 56,19 57,19 62,19 63,19 64,19 69,19 70,19 76,19 77,19
78,19 79,19 80,19 81,19 82,19 86,19 87,19 93,19 94,19 95,19
96,19 97,19 98,19 99,19 100,19 26,20 27,20 37,20 38,20 39,20
41,20 42,20 46,20 47,20 48,20 49,20 53,20 54,20 55,20 56,20
63,20 64,20 69,20 70,20 77,20 78,20 79,20 80,20 86,20 87,20
94,20 95,20 96,20 97,20 99,20 100,20 17,34 18,34 19,34 20,34
21,34 22,34 23,34 24,34 25,34 26,34 27,34 28,34 29,34 30,34
31,34 32,34 33,34 34,34 35,34 42,34 43,34 44,34 45,34 46,34
47,34 48,34 49,34 50,34 51,34 52,34 53,34 54,34 55,34 56,34
57,34 58,34 59,34 60,34 67,34 68,34 69,34 70,34 71,34 72,34
73,34 74,34 75,34 76,34 77,34 78,34 79,34 80,34 81,34 82,34
83,34 84,34 85,34 92,34 93,34 94,34 95,34 96,34 97,34 98,34
99,34 100,34 101,34 102,34 103,34 104,34 105,34 106,34 107,34 108,34
109,34 110,34 17,35 18,35 19,35 20,35 21,35 22,35 23,35 24,35
25,35 26,35 27,35 28,35 29,35 30,35 31,35 32,35 33,35 34,35
35,35 42,35 43,35 44,35 45,35 46,35 47,35 48,35 49,35 50,35
51,35 52,35 53,35 54,35 55,35 56,35 57,35 58,35 59,35 60,35
67,35 68,35 69,35 70,35 71,35 72,35 73,35 74,35 75,35 76,35
77,35 78,35 79,35 80,35 81,35 82,35 83,35 84,35 85,35 92,35
93,35 94,35 95,35 96,35 97,35 98,35 99,35 100,35 101,35 102,35
103,35 104,35 105,35 106,35 107,35 108,35 109,35 110,35 17,36 18,36
34,36 35,36 42,36 43,36 59,36 60,36 67,36 68,36 84,36 85,36
92,36 93,36 109,36 110,36 17,37 18,37 34,37 35,37 42,37 43,37
59,37 60,37 67,37 68,37 84,37 85,37 92,37 93,37 109,37 110,37
17,38 18,38 34,38 35,38 42,38 43,38 59,38 60,38 67,38 68,38
84,38 85,38 92,38 93,38 109,38 110,38 17,39 18,39 34,39 35,39
42,39 43,39 59,39 60,39 67,39 68,39 84,39 85,39 92,39 93,39
109,39 110,39 17,40 18,40 34,40 35,40 42,40 43,40 59,40 60,40
67,40 68,40 84,40 85,40 92,40 93,40 109,40 110,40 17,41 18,41
34,41 35,41 42,41 43,41 59,41 60,41 67,41 68,41 84,41 85,41
92,41 93,41 109,41 110,41 17,42 18,42 34,42 35,42 42,42 43,42
59,42 60,42 67,42 68,42 84,42 85,42 92,42 93,42 109,42 110,42
17,43 18,43 34,43 35,43 42,43 43,43 59,43 60,43 67,43 68,43
84,43 85,43 92,43 93,43 109,43 110,43 17,44 18,44 34,44 35,44
42,44 43,44 59,44 60,44 67,44 68,44 84,44 85,44 92,44 93,44
109,44 110,44 17,45 18,45 34,45 35,45 42,45 43,45 59,45 60,45
67,45 68,45 84,45 85,45 92,45 93,45 109,45 110,45 17,46 18,46
34,46 35,46 42,46 43,46 59,46 60,46 67,46 68,46 84,46 85,46
92,46 93,46 109,46 110,46 17,47 18,47 34,47 35,47 42,47 43,47
59,47 60,47 67,47 68,47 84,47 85,47 92,47 93,47 109,47 110,47
17,48 18,48 34,48 35,48 42,48 43,48 59,48 60,48 67,48 68,48
84,48 85,48 92,48 93,48 109,48 110,48 17,49 18,49 34,49 35,49
42,49 43,49 59,49 60,49 67,49 68,49 84,49 85,49 92,49 93,49
109,49 110,49 17,50 18,50 34,50 35,50 42,50 43,50 59,50 60,50
67,50 68,50 84,50 85,50 92,50 93,50 109,50 110,50 17,51 18,51
19,51 20,51 21,51 22,51 23,51 24,51 25,51 26,51 27,51 28,51
29,51 30,51 31,51 32,51 33,51 34,51 35,51 42,51 43,51 44,51
45,51 46,51 47,51 48,51 49,51 50,51 51,51 52,51 53,51 54,51
55,51 56,51 57,51 58,51 59,51 60,51 67,51 68,51 69,51 70,51
71,51 72,51 73,51 74,51 75,51 76,51 77,51 78,51 79,51 80,51
81,51 82,51 83,51 84,51 85,51 92,51 93,51 94,51 95,51 96,51
97,51 98,51 99,51 100,51 101,51 102,51 103,51 104,51 105,51 106,51
107,51 108,51 109,51 110,51 17,52 18,52 19,52 20,52 21,52 22,52
23,52 24,52 25,52 26,52 27,52 28,52 29,52 30,52 31,52 32,52
33,52 34,52 35,52 42,52 43,52 44,52 45,52 46,52 47,52 48,52
49,52 50,52 51,52 52,52 53,52 54,52 55,52 56,52 57,52 58,52
59,52 60,52 67,52 68,52 69,52 70,52 71,52 72,52 73,52 74,52
75,52 76,52 77,52 78,52 79,52 80,52 81,52 82,52 83,52 84,52
85,52 92,52 93,52 94,52 95,52 96,52 97,52 98,52 99,52 100,52
101,52 102,52 103,52 104,52 105,52 106,52 107,52 108,52 109,52 110,52
