41,16 42,16 43,16 47,16 53,16 56,16 57,16 58,16 59,16 63,16
64,16 65,16 66,16 71,16 75,16 76,16 77,16 81,16 82,16 83,16
84,16 85,16 40,17 44,17 47,17 53,17 56,17 60,17 63,17 67,17
71,17 74,17 78,17 81,17 40,18 47,18 53,18 56,18 60,18 63,18
67,18 71,18 74,18 81,18 40,19 41,19 47,19 53,19 56,19 60,19
63,19 67,19 71,19 74,19 75,19 81,19 42,20 43,20 47,20 53,20
56,20 59,20 60,20 63,20 64,20 65,20 66,20 71,20 76,20 77,20
81,20 82,20 83,20 84,20 43,21 44,21 47,21 53,21 56,21 57,21
58,21 59,21 63,21 66,21 71,21 77,21 78,21 81,21 44,22 47,22
53,22 56,22 63,22 66,22 67,22 71,22 78,22 81,22 40,23 44,23
47,23 48,23 52,23 53,23 56,23 63,23 67,23 71,23 74,23 78,23
81,23 41,24 42,24 43,24 48,24 49,24 50,24 51,24 52,24 56,24
63,24 67,24 68,24 71,24 75,24 76,24 77,24 81,24 82,24 83,24
84,24 85,24 16,41 17,41 24,41 25,41 30,41 31,41 32,41 33,41
36,41 37,41 38,41 39,41 40,41 41,41 42,41 44,41 49,41 53,41
54,41 55,41 56,41 57,41 60,41 61,41 62,41 63,41 68,41 69,41
70,41 71,41 72,41 74,41 80,41 85,41 86,41 87,41 90,41 94,41
97,41 98,41 99,41 100,41 101,41 104,41 105,41 106,41 107,41 16,42
17,42 24,42 25,42 29,42 34,42 39,42 44,42 49,42 53,42 60,42
64,42 68,42 74,42 80,42 84,42 88,42 90,42 93,42 97,42 104,42
108,42 16,43 18,43 23,43 25,43 28,43 35,43 39,43 44,43 49,43
53,43 60,43 64,43 68,43 74,43 80,43 83,43 90,43 92,43 93,43
97,43 104,43 108,43 16,44 18,44 23,44 25,44 28,44 35,44 39,44
44,44 49,44 53,44 60,44 64,44 68,44 74,44 80,44 83,44 90,44
92,44 97,44 104,44 108,44 16,45 19,45 22,45 25,45 28,45 35,45
39,45 44,45 45,45 46,45 47,45 48,45 49,45 53,45 54,45 55,45
56,45 60,45 61,45 62,45 63,45 68,45 69,45 70,45 71,45 72,45
74,45 80,45 83,45 90,45 91,45 97,45 98,45 99,45 100,45 104,45
105,45 106,45 107,45 16,46 19,46 22,46 25,46 28,46 35,46 39,46
44,46 49,46 53,46 60,46 63,46 68,46 74,46 80,46 83,46 90,46
92,46 97,46 104,46 107,46 16,47 19,47 20,47 21,47 22,47 25,47
28,47 35,47 39,47 44,47 49,47 53,47 60,47 63,47 64,47 68,47
74,47 80,47 83,47 90,47 93,47 97,47 104,47 107,47 108,47 16,48
20,48 21,48 25,48 29,48 34,48 39,48 44,48 49,48 53,48 60,48
64,48 68,48 74,48 75,48 79,48 80,48 84,48 88,48 90,48 93,48
94,48 97,48 104,48 108,48 16,49 20,49 21,49 25,49 30,49 31,49
32,49 33,49 39,49 44,49 49,49 53,49 54,49 55,49 56,49 57,49
60,49 64,49 65,49 68,49 75,49 76,49 77,49 78,49 79,49 85,49
86,49 87,49 90,49 94,49 97,49 98,49 99,49 100,49 101,49 104,49
108,49 109,49 